Sentence_count:6976
TP:1996
TN:4740
FP:131
FN:109
Precision:0.938411
Recall:0.948219
Fscore:0.943289
