Sentence_count:6976
TP:1964
TN:4766
FP:105
FN:141
Precision:0.949251
Recall:0.933017
Fscore:0.941064
