Sentence_count:6976
TP:1953
TN:4779
FP:92
FN:152
Precision:0.955012
Recall:0.927791
Fscore:0.941205
