Sentence_count:6976
TP:1939
TN:4784
FP:87
FN:166
Precision:0.957058
Recall:0.921140
Fscore:0.938756
