Sentence_count:6976
TP:1939
TN:4788
FP:83
FN:166
Precision:0.958952
Recall:0.921140
Fscore:0.939666
