Sentence_count:6976
TP:1838
TN:4739
FP:132
FN:267
Precision:0.932995
Recall:0.873159
Fscore:0.902086
