Sentence_count:6976
TP:1593
TN:4324
FP:547
FN:512
Precision:0.744393
Recall:0.756770
Fscore:0.750530
