Sentence_count:6976
TP:1872
TN:4718
FP:153
FN:233
Precision:0.924444
Recall:0.889311
Fscore:0.906538
