Sentence_count:6976
TP:2005
TN:4626
FP:245
FN:100
Precision:0.891111
Recall:0.952494
Fscore:0.920781
